[Audio]
musicVolume=50.000000
soundVolume=50.000000

[Window]
fullscreen=0
height=1440
title=
width=2560

